84358
17288
44533
77869
996
50729
79389
6785
74899
70665
47133
5324
25941
67120
71211
8626
59476
33114
87369
53912
99185
42877
10329
26552
20423
18891
57064
87169
34577
11716
60685
9593
7136
37673
2044
86866
95882
78880
49614
57707
53047
514
12424
59932
99846
34348
8679
89643
6479
30719
16982
27644
80947
5757
46501
61085
32376
73531
11459
39838
25446
63125
7004
39867
21038
67283
98722
25685
93309
9979
51250
14540
88461
20453
89522
35615
45715
36306
59100
18783
81845
22748
71622
25429
31397
807
43655
60184
77496
39735
13922
22116
80518
60387
37997
68519
40240
89368
33164
71764
11918
83316
29241
51772
49824
3814
42461
34346
79911
79410
24697
79774
94806
10867
65818
16538
42716
59666
94350
47455
96801
17179
96195
45166
16569
84757
10441
34678
29206
86480
53220
69307
25535
64500
38822
45600
1479
88022
52573
13958
33635
87367
95035
98130
8924
45650
78992
56762
55873
63438
25741
18466
88469
73046
88094
47661
5290
86038
92396
33601
55333
87279
19491
4814
93378
59449
21663
72881
94787
39993
39315
20672
63986
60324
12201
21832
1168
35701
43859
13548
75074
43215
1094
96443
47272
18614
98923
79605
28120
17250
70223
8804
68309
59980
42754
33065
91145
78435
31335
47780
50149
91086
77088
49731
3873
36018
586
87294
15080
874
52810
46025
13794
22884
46587
18353
40874
74918
61281
21547
64559
86871
79981
47913
62057
81827
75645
92518
30487
59562
68021
95639
50966
15938
26562
94070
15111
81783
86739
97130
85980
15434
29772
85053
1453
43443
94558
57577
10448
37418
3574
69720
29880
43448
7622
7638
15502
38419
39599
23600
96751
31728
62575
84854
89481
36356
91833
56436
23770
84046
82119
9333
46508
1252
51527
49753
87011
90635
23421
63374
72047
21638
50828
42492
18538
75601
86966
27897
91232
83694
17448
94534
30635
1235
91080
80483
72097
34760
54283
45990
48707
25380
41907
29178
53170
99831
2264
2717
77801
41108
69155
92236
55216
51825
51283
75096
56330
27811
32913
70987
28236
38622
38956
80452
19569
27855
16872
37099
20997
88710
35625
34396
2037
4974
80326
87572
67523
54349
27466
50018
28347
16489
83817
27826
43163
75674
67954
7262
88811
43451
54690
32063
47291
76043
87496
89861
1825
34815
35004
99011
8627
43147
37130
28825
58956
49463
17376
1375
29262
40611
89863
58709
40435
85368
47313
70920
89154
97462
29976
72263
26333
15510
36313
37074
32934
41327
36375
76708
96301
13465
53069
80482
87211
81594
56289
34882
60414
69944
85678
52094
13377
2306
69109
39543
60125
56726
65306
22576
68770
96935
40342
69614
78298
22543
40992
63462
99638
66915
84075
49673
3007
79996
12754
58290
45833
99719
72077
94381
44350
18200
34963
26286
9899
22664
62615
14848
31343
92121
18602
75489
69912
59697
92432
66373
75282
42798
7367
50807
11431
19877
2647
22055
88852
33808
10710
26879
10872
92639
33370
60432
88295
28095
93288
76027
34333
73670
25055
80065
95436
29449
10374
5264
27259
5752
12666
98754
21533
91079
55639
70328
28891
12996
57224
88983
67015
9240
78756
68298
43501
40885
2259
29410
67955
84156
90806
16527
6076
48838
78932
36345
60300
56625
22478
82208
87509
3974
40806
15680
55532
2259
28880
12119
92301
70204
45101
88398
66850
63672
84254
29695
60558
29385
23454
7055
14265
32895
11714
70715
43812
22011
79524
81172
52258
51570
83329
28052
57510
51076
3236
2810
93152
68179
49616
89777
95693
58633
17904
7967
71546
74032
33568
75022
10188
31532
92050
97348
65040
36307
58813
50103
24530
60547
61152
79332
22029
59940
63274
34138
48546
31069
50121
69287
42927
95438
6337
38602
38677
93141
28726
13112
62201
73395
25703
37706
31881
87481
97003
97903
82585
60986
39733
32760
13865
28808
39201
42723
16285
41148
25850
78042
72919
17893
90094
85035
54827
7105
59836
86465
85790
65571
23235
35933
23854
14108
10197
85561
64928
21440
37954
64094
77942
86684
17715
96151
35846
6755
58355
97760
51709
46300
4254
29531
89995
28766
56277
4275
10543
62882
80811
77920
85303
27917
93328
15589
22045
81181
65739
70143
66965
11399
70001
61369
99060
46728
24168
29699
15886
86965
2367
17652
26425
45628
98610
38512
90238
54786
39839
41637
64249
5539
60572
77343
1931
7155
55050
11050
62021
89242
35554
27583
50921
9780
28159
9018
63869
58926
5337
96821
25309
7927
96647
96916
40046
88082
62721
2126
86979
76084
87914
28232
36958
59108
79417
8340
85227
50609
81048
77329
56151
38533
95472
53711
49012
25593
84239
23033
44355
58156
46116
200
77673
38429
87992
10125
139
27908
81299
35980
8655
72325
17388
84049
15713
14984
36796
74611
13428
60808
13297
98503
70481
74432
82301
51730
13611
99695
62441
22226
25168
77097
26767
66670
55378
44724
74628
53066
69733
91780
8800
78851
54025
55097
20799
4182
78333
48258
73670
77749
97609
99211
93292
28490
3978
63806
17323
59003
44641
36462
43586
72495
71402
9573
72718
90105
73418
46436
765
26187
4926
54354
69393
29440
15973
47654
65245
46453
88342
5767
85202
36296
2282
3726
30539
97953
72628
52429
84238
25806
29462
58380
98748
8737
16673
3710
33846
98489
68435
96533
55368
98490
61882
95234
83889
4684
8136
56427
38830
84106
24334
7051
23278
63015
59174
93442
66015
30399
453
82764
9389
95218
70892
26461
2017
49633
56836
65589
95137
43078
42080
84258
20473
99813
42686
58162
767
4996
95189
67997
77041
50135
89696
85043
10139
52116
71847
54270
35642
97548
27921
30961
52047
48984
74651
28415
786
30444
71887
92487
54332
8696
79680
82087
8302
51422
96416
34040
22738
69546
59342
55363
45324
47559
13152
52548
20374
8415
42521
10594
95008
6457
7370
92329
14006
34817
4936
33082
43953
24102
66640
84623
32851
64111
38645
3828
65743
91015
50992
87255
40978
71672
19455
38296
42458
16426
7845
74030
39891
89408
32355
45934
36910
40128
4300
91508
7846
96869
59632
76311
14586
68899
18953
11399
90651
58269
76177
1674
11405
98299
67634
56006
13870
65880
763
32177
28967
5922
70816
71878
60256
28152
31371
34266
74309
58859
37940
50503
21516
22933
28830
71656
16471
67499
4781
79559
57205
35766
74697
71415
89330
34711
98563
73059
7927
65574
3554
88118
22372
79961
62746
41305
6494
6427
3426
23503
67784
37148
65017
44170
88322
57856
58380
75397
77304
66218
37233
68425
76078
50218
62356
25263
39767
78397
99373
73002
73940
56391
79213
87004
79411
63492
56318
93036
25324
96333
86061
53692
54842
82172
66803
77667
61475
86326
39560
65868
47676
56689
66113
66040
97363
70387
33633
36950
55998
49713
97746
88992
34349
8395
48120
67154
93360
21737
57048
44153
38992
973
32635
24685
80976
61567
22179
45894
63318
89696
82539
61089
83948
186
75176
94256
21533
51491
20162
41976
24200
67240
34569
50764
86427
29772
63666
10387
23337
41500
40008
85023
73277
10279
82777
98295
71134
26751
93770
60195
57421
93790
25784
65085
75856
3635
10358
23123
90988
27843
59954
91255
26543
77476
48283
29090
74881
74763
56234
82854
27645
52789
43863
20261
13314
30533
86407
96600
99890
9697
13710
40674
76467
81157
64303
6074
48885
96592
31959
19886
42284
38122
64133
58758
9018
33
91972
9194
95804
31123
95669
17003
11468
16624
67722
62323
23416
67425
66243
84322
64843
8155
74197
46203
63468
67760
80520
32232
65690
34856
29345
88038
67445
66522
60451
26288
37055
33756
9716
80475
78629
30120
39884
46976
28158
8247
17830
31052
18325
90312
37259
97209
70913
96525
16699
9601
43927
48665
12534
44454
28260
22550
21747
23919
97578
84767
56130
92952
39513
91640
65880
40307
94187
37588
16249
78076
7425
31751
6248
98997
11976
37223
5501
49763
34628
36984
45781
22359
21645
27141
59748
11717
67812
77068
56126
39088
13484
72594
13416
28042
37029
45393
40248
40866
94198
82611
93339
60469
69960
51941
86530
15487
38237
20371
33598
41578
65329
10539
6522
97392
59797
60927
38086
26217
86857
4188
28245
88462
46136
22708
9022
87045
94568
64959
70033
44560
50864
97827
49480
31307
94071
70437
57723
94726
31286
39879
58320
67253
72848
7664
83376
16129
21040
35080
9627
42924
72631
42236
8909
49622
59004
2964
40238
55991
82446
38110
41145
84761
22743
66484
68731
99075
87439
29327
77701
47448
42263
91162
82761
3431
84791
15506
98482
44743
31056
86142
64343
19312
99434
3748
73937
27935
72699
85473
64306
10255
72950
28058
39256
82584
65084
27584
9207
67217
91904
53994
34600
59244
17091
98607
49401
41199
58685
83109
90926
1959
46458
3806
11291
84946
23951
78033
63868
82902
88031
68289
96429
626
49466
42292
14017
55895
89052
93234
63003
87337
64690
55373
82581
92333
58248
10229
80519
57270
88338
41904
37779
15425
74037
57374
44902
89364
92314
65872
60976
89169
15931
43129
76321
27984
20996
53471
17231
81720
49052
79905
76042
18985
74721
27046
79013
77372
88357
97639
22926
4908
28535
62560
22655
2498
99861
47674
64437
29688
47153
31924
58822
61332
47102
31233
4038
37711
78360
86660
77418
65817
46684
78690
10363
901
91818
9206
95135
84478
58536
28704
15971
3478
90953
80317
3908
14060
39797
35213
73538
67693
97684
65541
48813
7699
7885
8210
77281
48230
10820
3348
44321
21898
13228
82063
82317
70898
63911
28853
55565
85536
26096
13451
61977
52123
46066
10532
41258
32139
36884
38408
59405
45608
93532
70587
93445
67781
96764
16494
76268
51874
87169
17694
14937
71574
70393
46569
34623
55483
33805
79396
71848
68176
81213
39002
49522
51496
1797
72116
72413
32798
3681
17821
1960
8895
64573
66347
42560
26891
25312
15144
69009
98818
96745
57917
33412
83596
77046
24059
4572
59047
33128
24347
9764
95661
75118
50131
69407
5971
79770
38265
59218
16764
80174
60509
39759
88694
20055
90158
69898
37583
84406
18494
44949
51450
37659
4918
35252
74983
19666
65745
55293
23720
91354
64208
35454
42824
90268
16110
6770
58889
11283
36421
37193
43999
64382
68232
18427
1187
80304
35764
38706
3898
38006
29996
77127
9462
8338
52135
18923
38554
39836
5097
86811
26031
21395
71304
79265
35678
46152
71236
45953
24468
67958
41446
92844
82365
22553
73650
23676
17237
97651
58672
57293
730
97324
63789
21504
22808
62021
19537
81282
43689
9908
54469
99225
66638
76336
95461
12480
15921
34375
41498
16320
33984
70908
69716
22383
68321
94111
70437
15321
19420
50105
74820
40654
74862
85840
31921
43781
156
848
4081
86318
32344
35156
95431
75360
42555
64671
84884
40352
27975
43052
57881
34879
99714
83192
21062
82723
2240
32629
13125
67613
87151
87507
75267
87084
71613
51145
19469
52625
54830
90804
75882
22935
7095
24082
13739
54677
91611
22694
78717
92059
63743
31015
37406
83208
62764
16476
67607
18511
83513
5590
9948
64335
70583
22017
62574
62756
58049
55268
66295
81810
30305
20309
18734
36281
73467
73657
12779
62770
30824
69424
18258
85115
74318
3348
90413
12884
7311
40853
83307
80102
81588
93585
36915
32615
29536
18710
84791
77992
89974
99251
41548
97812
90659
66899
18546
68799
51910
51017
35482
42307
50006
9660
37348
95840
72046
89519
86087
54117
26197
46937
82231
99539
15878
40811
64737
6171
99825
10877
41123
50803
91031
19247
59749
99186
21093
17186
8417
48572
43942
75958
52203
95258
69494
74168
43156
4490
64228
74095
54718
75236
33330
55563
80106
95102
51033
57842
57090
81027
9177
35815
55028
16610
65857
6035
83498
90861
70002
82625
14806
57133
75676
86428
71860
63765
13857
32763
39231
76624
72371
20020
20175
51200
9119
2735
5974
11030
90182
95830
62499
62881
71795
26751
48657
28094
84903
95494
87404
78921
91638
80696
64476
3326
71198
50241
62058
829
46188
23821
43622
95407
77596
39039
46249
85334
71451
72719
71849
13728
4296
80582
81895
70033
17898
56010
90924
62766
56650
74651
26395
2370
73195
82152
39702
17511
31189
35403
49460
8675
83317
91484
4306
70275
24493
52096
39452
56855
26367
85667
64103
78882
44672
15109
78193
25645
80839
26505
183
49997
66965
46516
80585
31045
24608
92725
21379
16679
53345
89126
18811
338
15403
21615
71375
70027
45402
67418
77091
38260
45388
56553
28980
22665
45928
87631
1260
55016
46286
56135
84083
56448
17299
30587
81619
80140
54194
25021
30884
15147
53474
33079
44191
10460
60834
9615
93927
13680
4424
15737
72343
35592
18381
24829
35910
50837
18635
2146
92087
80357
41276
59453
48050
75403
36561
1505
46686
26268
48796
49524
55396
33200
16629
52368
92542
17214
37909
29066
49940
25764
94341
27691
18535
14632
99906
39079
17859
99604
59117
29738
79267
46992
92147
37138
5179
3020
3994
52493
31423
99777
86259
61209
90580
58663
79396
43027
70605
91367
61647
53802
1026
37707
46582
85510
39082
34036
89781
20144
17130
7177
23928
23266
23726
95076
60988
56829
10360
7277
71726
23934
43537
76610
11091
99877
23736
77396
97467
7594
23131
28369
74358
33259
58437
62814
13679
77742
26639
88277
30984
42851
63171
13876
81014
78457
63845
27882
51805
34449
12584
7735
52847
6131
21723
85428
65328
14145
2369
68379
69038
80387
50658
25549
58249
34004
95856
51343
85886
33086
56781
64796
26481
18447
32875
54618
18396
24398
27612
13349
65121
79163
27223
78443
7607
7565
48419
94069
21073
45929
40574
93123
7901
35630
75660
82119
11015
54084
61602
96850
49011
80988
7328
98054
19350
91835
97897
78821
97841
59364
38218
66433
56144
92253
91701
60076
24876
53658
520
5967
88661
82496
52475
28079
15706
51461
13114
51512
14654
33285
99651
14068
59942
10230
49130
40182
57675
29425
41390
38789
71234
39012
7641
11248
84668
22877
75238
72850
55026
28823
64783
12072
6129
25584
84134
18768
78794
25446
84236
65487
2147
82386
16921
10150
90529
65211
60814
26986
90227
57376
61320
11755
13772
97814
79874
15889
25034
26758
68275
29283
8244
90777
74833
21268
10650
97221
18332
63801
12694
16001
75441
70767
67442
27248
50682
16790
56338
54987
21355
13524
42772
56315
31795
34303
50411
71947
33040
37193
92382
54627
79903
19050
42303
12821
40416
50353
78065
5031
51417
95902
6337
55767
6012
52608
80412
21271
77893
94675
46295
62100
53920
93338
17661
13557
82131
26108
92492
79418
72593
30560
43241
86260
86301
27309
45967
70853
29994
66454
72229
66135
16332
56267
83731
86396
60916
14911
74202
55742
33756
14223
15657
91643
72156
25177
70972
77081
80997
56377
13379
40647
17753
84630
29243
80075
20367
10373
92447
39457
63618
97577
45603
43571
14626
51617
7766
38916
30215
28937
26066
18937
63780
18225
68367
50581
31764
71946
48350
78106
57133
35847
31822
77296
97556
18346
13416
10207
70837
46024
41406
54880
93285
9223
80623
7684
93417
56258
6411
11012
71180
8767
57738
85151
10327
59463
86902
93710
21560
6492
76139
33317
18445
80296
30925
87251
220
64062
7371
69770
29692
32023
3010
10213
71518
37281
39792
83440
31764
84496
87363
76812
4533
54205
963
62396
6321
2193
73511
51745
9823
4020
76067
77884
16739
73742
33538
87176
33150
44871
82184
80173
32942
50714
32709
90156
21316
25962
33364
82019
67772
47850
98808
45305
46024
53111
44065
81347
15165
43749
68511
30979
53883
31506
79403
51717
17667
57555
4884
85383
76206
29504
5506
95182
65748
98800
50657
72748
70335
4001
63892
42757
4963
32328
33742
96505
9217
26632
39093
51839
52129
79609
44915
89260
87895
40679
14542
88575
71033
72781
17408
93011
83794
18833
18639
68527
99948
41226
37005
72503
28443
95823
81136
35271
99822
96555
75396
86456
19869
18898
56050
2465
17270
94294
30241
67566
32332
34186
86879
14557
26216
51908
71825
43044
12628
31807
8811
74025
21947
79526
15792
53454
99473
20135
16479
51921
43184
48576
87712
30697
46531
53286
2104
70531
35845
194
95164
22448
70710
95451
51939
10579
66091
19360
15079
22254
42929
28259
45213
32359
1735
97060
18982
7185
99296
73308
12634
14183
14790
80060
60438
57749
54751
92748
23518
62340
61578
2270
18540
51094
20783
31810
25331
21935
25800
58672
98335
3482
27163
11365
87684
12793
41133
53872
36928
65595
10656
63856
60184
6305
38974
92058
37557
79305
44204
8941
47162
91998
79828
60925
4194
13987
1165
93559
98057
63408
22566
8215
93602
33516
4831
21011
93354
68274
88004
99648
23544
65542
63928
78021
92001
16327
11740
87829
8718
12391
32024
56604
35634
47616
2726
80569
15841
33435
4118
44143
79554
43758
44452
30959
72942
28250
3268
45846
84647
58291
38765
59876
9411
99240
66910
21610
85078
32918
7895
755
37734
72333
60631
63610
55821
16515
1411
30196
12034
24175
26733
68641
26138
72387
93492
22241
90769
3928
93845
53977
92860
96532
34749
91440
45789
86684
98491
96037
58224
77320
89802
76383
22315
9331
48331
10945
80114
61975
27597
82265
91654
50399
99078
41550
9633
65304
41473
24356
83538
91790
75414
65146
84663
69695
67898
68808
73981
12252
19564
87720
44429
5868
73465
70566
62695
78042
87012
87015
31289
77797
47107
27702
25926
59467
19853
26424
78581
64324
25130
91179
15743
52207
11051
48486
27568
99509
66433
21948
74720
31002
25333
89899
72763
48828
58773
53652
35475
21107
8289
81534
5449
702
18531
14805
81955
85265
55559
50580
33794
6406
70124
37700
73453
30470
57604
75968
29685
34304
20367
13992
41675
58324
32244
82618
5525
96980
23310
82159
49404
3323
33639
10583
39169
32157
36450
10672
67070
87504
88642
28799
8300
31670
29492
82467
5030
54564
5947
25339
53558
42511
71575
15897
88402
39072
99510
76025
44871
10474
79031
28347
81702
87378
30612
45768
19460
62447
22008
17478
40113
33205
62557
26447
87045
95161
92505
30191
8889
61725
77418
64445
73868
11513
26391
64055
9736
24620
96657
94143
56034
87267
57591
9378
51033
12605
29586
76940
16735
27635
79035
59519
6371
71260
47041
61003
48795
28087
63452
11173
99198
40279
58812
32212
66607
15831
13458
67738
32095
92178
43555
16650
78041
2536
3141
70072
79922
92357
99461
65868
45494
50112
91077
67769
58993
6085
13451
15629
69007
42224
74145
44009
69025
9648
3703
56948
11683
10834
88174
6310
84159
82145
54601
81300
34754
35533
75349
27844
92276
4272
78756
55637
97353
710
87465
22560
99528
29765
53032
27839
48962
22024
10325
17946
45614
39092
66592
98307
50257
39444
46045
58041
57915
2263
91985
42233
97786
15203
38152
91389
22081
384
74416
25966
22228
63225
73101
53026
85992
52698
12299
14158
21845
16726
45255
43988
28889
16022
3535
31508
81290
10078
55207
22452
1600
7626
801
75617
15584
99871
61220
74801
76312
30060
45518
93792
59283
325
82029
42391
92727
48772
77258
91184
67246
97387
97616
50075
93288
89268
85814
6438
37252
37458
48996
41424
53016
92365
87505
82359
74881
72902
25187
77976
43947
95986
53656
35593
52045
22599
56452
31220
32121
32995
31651
9424
62521
14776
17444
40585
14110
26722
70323
40734
16166
41237
44518
48971
78121
61325
70637
40425
49918
17792
63772
78131
25613
48665
72929
70384
74438
99807
22873
18674
94469
98809
28163
68865
23893
72494
98833
54956
50429
8770
87297
9184
60710
94390
43048
36085
75533
70602
80222
6897
74591
36319
69699
35020
7890
41198
93671
2491
37936
72946
80564
94700
88895
47475
31412
66400
70576
13961
64603
61708
55879
82785
98330
60937
33600
57509
95636
28338
76418
72992
4350
37603
39432
6778
28643
96517
60544
18755
31700
78773
16915
6701
35525
84529
37291
45120
72109
25363
14835
60273
62462
1806
47556
48546
58352
23080
25736
76252
9892
8543
52053
4152
5417
30055
48749
97896
35864
87595
24703
54283
77547
82802
35347
10228
33856
3807
76958
21332
98684
40421
45171
34972
1910
84556
56896
77944
94733
51024
46363
51112
92825
70806
55582
50781
37621
46840
49298
39770
92515
45124
3076
5451
47105
47612
80843
84099
30651
43925
54946
35745
22697
47168
70866
31437
80255
58732
44563
39701
97929
5103
39707
62471
89706
55350
35680
26630
51099
98261
14149
12606
22686
6125
87605
33392
20170
31486
35364
38944
21211
37115
30539
13779
43226
50622
72405
2009
70574
1914
74100
83894
8058
89029
2767
97377
69053
16874
52839
31037
35205
66176
27370
34089
38154
7205
5410
32094
87276
32628
91111
58824
52129
35181
26080
20278
11274
64366
29239
5965
98757
91454
85745
93688
97266
98472
52733
43276
80418
33491
98781
22340
38005
62973
62308
96294
24492
36540
92489
65990
81563
80286
49336
89023
35580
25655
92455
31486
11359
27283
93858
63480
87220
78276
49205
66576
63328
28066
16521
76707
22123
75348
12963
51378
24814
66619
23867
24438
85847
26647
48802
81939
3188
90443
41648
9522
21861
86364
48337
65138
18334
87090
65247
9281
45497
46320
85053
47343
46351
94233
45393
46208
9156
22556
36476
75659
14754
75315
1793
62671
54713
32835
6298
76069
65622
31987
7600
75374
76402
57150
5227
38638
55559
49145
46860
36650
20840
93332
94163
95932
9099
80228
15168
20304
53085
35662
66272
6582
35513
16205
24325
26282
40338
93198
76303
60631
81916
16366
77515
10134
85033
1739
82628
28971
63629
89840
3296
6375
74057
46376
66189
72516
67871
35021
17353
55265
8498
1799
99877
35372
96841
2292
28870
13146
76536
77846
76146
50405
29795
4145
18534
90960
71381
55631
55266
22941
25258
97355
47513
56320
93037
10276
89111
67155
45105
82625
11955
12597
57892
35801
514
45914
12787
35915
52066
9091
79381
16036
96108
45924
8992
83495
1985
2891
11622
92700
83934
96758
96787
30642
64239
53860
7549
14579
6112
84272
17337
73990
17435
51368
47758
99088
51210
90378
70922
25864
57955
45993
85846
28413
24946
34211
97791
84639
15477
95435
48810
22202
31777
59697
12966
17003
48255
11696
39677
3648
10982
51688
69164
43862
39678
39639
56521
66206
56914
42165
54416
48424
89246
48451
74605
39911
86987
64437
15237
94020
85556
68867
42538
70222
79465
28393
48352
47175
40111
18726
3198
87978
42515
28728
69501
11187
16639
73674
15218
47187
8314
38482
29462
7839
67154
48786
52385
88506
55616
42534
50283
9517
79474
9888
81624
54866
21613
81790
4377
52630
70917
7047
42237
7888
18675
64495
47892
82775
57788
15732
3666
74302
76528
68962
66210
42923
90994
90376
78037
2753
83992
23942
23023
68647
33370
1466
77297
5483
67058
55790
22355
82239
24612
14459
23337
66091
46893
78511
58260
18972
11192
37862
96213
5498
61120
46285
31974
1876
58382
96136
62308
90940
50603
44785
48879
18364
73581
71715
64284
67566
85358
46420
71377
48612
35461
21584
49960
51757
44845
26490
41218
23425
93150
78595
27101
86095
3838
6447
18121
23675
12444
94409
71308
73833
52245
33927
27503
86423
31373
89203
73209
8677
84791
317
23906
92149
75421
87904
45093
67599
80306
46386
57547
47736
28400
29505
34763
5225
32649
5294
35420
904
32572
20142
60215
30096
86774
20845
66347
49158
75934
28505
22203
18874
45410
51098
40836
60427
26428
86479
92651
99251
79542
36726
61269
13127
86130
90929
87053
90613
29260
37894
34189
2377
21875
17945
34395
61905
11244
22554
69863
21685
99695
15232
14959
83123
57634
13116
13584
88260
77428
35319
76233
98382
27576
51209
37458
90115
3612
88674
60914
8484
53331
46078
49904
41189
66702
61586
23328
48396
80084
6802
38746
18353
37814
84696
33517
71910
84324
32141
76468
87672
95184
25110
33621
94105
3771
10183
16679
48247
66060
32234
21892
34708
98364
25531
85902
18365
30098
13167
57876
58777
28948
90070
66924
23321
63043
45409
65579
42674
19370
95385
79789
12826
87645
94876
48278
18122
84668
21400
27012
63980
32324
37062
55756
15546
32277
13917
89316
34543
35492
35999
98807
6416
30221
79911
76771
72322
88789
52695
56967
32931
92223
27339
55971
7039
6288
97939
90565
11597
2473
76275
91557
65248
22792
56546
59156
39841
85045
36445
70598
74668
22949
31438
79402
43547
94997
1621
42908
96270
30010
69631
6217
66851
42190
26941
24267
20996
91775
51582
22115
72477
33775
33130
80459
85044
10380
56622
89384
42492
90606
29545
84502
37781
81554
97123
80143
26773
21348
35613
12296
16634
57140
20018
45507
92933
71838
86351
56906
51478
77400
61233
52194
35810
76308
15978
81941
94488
11222
99177
31123
54631
19428
55806
74187
58820
74913
40929
2293
31624
90953
28516
69137
90787
42100
40084
81973
73072
16329
60884
66128
13778
12021
55369
42325
29827
65897
73903
60107
87053
6511
25291
70782
54089
37223
23696
55293
22019
79720
4708
897
5652
97158
92272
78918
70947
68212
18841
98636
83274
30699
88460
45207
45860
20338
86830
28217
14544
64663
97453
81168
45002
4561
52192
39755
13030
58984
41882
25105
73689
98863
59027
1039
37102
83155
34731
89019
80383
83950
4890
91680
48476
79795
40752
62878
30857
81432
98750
75101
7940
9255
75328
52110
30288
18238
25476
51702
58435
23309
75974
85515
66217
37012
59781
82485
871
33582
2970
23810
28100
68067
8603
93862
15608
31616
28638
99282
22662
50765
2732
68126
61195
12222
69725
2115
35192
6651
89462
77596
29810
90400
8077
1586
5196
29026
87777
41372
10421
85946
22991
79880
92596
11253
38646
43727
76973
16940
24289
31867
35690
13600
78596
25207
7695
93930
39652
11344
51466
89503
88843
15750
41652
13725
19821
25354
27374
70798
60553
38078
68549
20082
93770
57016
86505
71123
41004
20133
19682
63449
97420
22541
14507
85556
95461
13604
37259
47170
71983
12597
92479
24135
62112
91672
91954
96828
83521
91202
29757
87428
46689
99494
74212
84578
10512
43764
23384
65880
33900
44418
29076
79433
12439
26056
98201
497
87912
8038
75032
48683
88447
21006
97329
95688
84277
25528
88410
85192
86999
25662
63276
11174
67486
33953
3042
89955
60739
745
15581
59293
27323
3946
7210
26906
21602
39538
83129
76952
28938
4997
64234
68653
95348
92784
72633
69379
32529
5723
36623
72174
40361
17194
29757
71473
88374
77363
67296
93268
52159
62207
19781
11545
56632
88609
97619
4223
93450
5795
33063
24165
46368
89210
22760
1748
60825
17300
91691
31077
75384
88840
43239
5201
94606
73076
40692
64728
93801
96086
24728
85958
77875
49982
70744
82744
70762
89851
8362
42842
70622
49540
78971
27832
42602
43645
25299
53717
14971
84829
32226
28085
49314
58886
22401
89991
75634
27528
76534
55482
54435
51931
18886
4398
17306
99577
82876
31319
89209
45775
47569
72451
14437
61382
17018
8460
46842
78075
50892
26245
27287
73837
7067
65996
2959
5289
27379
82610
53798
25419
92860
80460
13637
4043
6607
14069
82496
80519
12589
44233
69175
11545
71884
77642
93778
26798
40725
65802
63326
84064
54641
90134
21705
10770
21460
26513
73937
78625
58027
15083
35485
80550
59989
4379
81473
69704
48722
55762
31215
9145
11822
91279
91805
47982
70789
61501
64712
76377
14396
39169
46728
22457
41766
64450
4834
63165
14709
39808
92132
2836
94220
77147
38568
83648
48078
69275
73507
99291
92855
53896
92265
42012
51956
1623
87576
90003
42717
1435
6178
62852
67946
94184
27204
36221
83914
70133
99989
98362
3077
62480
67514
78491
65000
60404
87752
31458
56604
54170
41787
16475
129
32532
31740
99233
63726
42320
54046
41829
91473
60135
54049
63703
93869
15787
26113
47310
61862
43720
54170
18608
44702
49274
58599
90137
11671
4304
99439
35503
8064
79119
93308
66712
75891
64075
78637
2179
28534
70003
28903
53428
53274
82292
96574
49272
83802
13211
90221
44758
591
34666
32012
14618
20100
59860
37798
99392
98169
56024
43962
31659
86661
62066
23453
92000
32116
83869
99269
95156
81110
98345
97826
28729
96705
39416
71797
10576
79117
79525
68656
88216
44095
69129
15667
41573
60579
17410
46207
96976
60649
27616
77875
81342
523
53905
53969
65879
22807
56591
63383
5786
87261
93393
15025
63578
24707
62297
39431
67161
10521
69747
31742
15654
50420
42108
57841
66803
99331
38218
59618
14323
74250
43175
47104
58425
84368
51479
68074
41520
386
45772
76728
68259
46132
34321
89471
5675
13080
57281
40040
50705
64724
46090
42766
70328
31919
33487
93212
95837
84992
1722
65578
32444
82420
50256
25844
85679
42443
86933
75065
82771
68955
18977
76725
45912
36998
65468
71779
47168
5362
87727
41306
31250
13487
8844
54571
3381
43747
79965
60932
87848
30673
34210
69698
2578
66986
27278
6013
50213
37802
59070
90044
53253
82124
57344
89600
86241
26469
16689
51307
72958
89532
27119
75956
66516
77814
17370
62744
73861
74385
37978
46524
60299
60418
84420
15388
4261
62583
50493
2931
68396
82495
28310
6167
71431
44125
36769
86387
4770
62246
98556
13122
9410
40935
51446
35180
13408
48039
22698
69985
38837
27415
79692
59342
60910
35036
94462
8932
37823
86149
52789
76621
5041
43339
15204
78627
11902
58441
96937
77718
74828
11375
57798
99373
41482
96275
67251
20067
90922
64169
18240
51172
87265
99431
52088
64019
51644
70675
28838
21349
88375
32910
62615
46373
27533
30139
87993
44711
93140
43123
7866
25575
77860
63934
2046
44105
93867
49453
37650
18082
22564
59435
95364
11522
23373
80485
67798
72164
33828
45364
84328
85408
87828
19599
78585
69160
2758
20991
39681
56805
98525
41233
1909
38126
257
51368
95806
44011
28600
79430
37099
49015
69305
94322
37783
2587
64847
99528
48902
60707
77999
88709
2936
74145
15487
14987
80350
77357
99243
2759
55890
87768
16369
65793
77790
87549
1060
85144
68641
88270
82725
32362
15118
18972
4345
42252
96681
78616
23176
29275
78773
64300
14795
81029
8838
93891
93827
10034
41625
11752
95791
1158
80554
56533
64641
29565
36082
44141
72016
91639
66352
97943
60205
81344
50344
85354
57734
68212
72933
60048
80387
99391
45255
54343
87046
42032
4021
12492
98250
74801
74880
87699
65799
57083
95645
82523
48154
74695
63977
43241
28839
23848
32063
26771
31521
40583
94851
16302
30158
75469
24976
10710
87111
26404
35432
72816
53265
32928
74313
93227
6919
73529
91250
50554
51452
74099
35151
93568
21980
96757
4918
95377
9954
68876
90855
49178
74220
2045
66895
11217
39216
28153
82377
45921
33112
1512
41651
27847
52322
61122
7902
48106
29151
75249
78626
9597
15470
93744
78829
38335
9678
41679
13771
93483
97194
3918
61142
20922
62186
27094
44937
76697
74272
39664
83090
83194
50687
68689
8074
56573
70048
48890
27178
87459
75204
58729
48398
83482
30813
46849
60089
16490
25616
27269
81118
78681
53371
84498
39801
74677
26065
69622
63552
17728
25403
955
46898
16128
45457
43762
36214
60095
42964
71107
48527
63562
50125
33085
65114
11873
58751
51432
68853
27283
45597
2937
62159
61481
36995
82464
35182
39758
66896
84529
29040
43859
61401
6814
25149
81838
87854
32128
59881
7918
20538
98563
21092
24216
99002
82114
29268
10212
83024
44723
37671
46373
6956
95874
49123
46822
23130
25943
24836
4317
8627
10555
87420
65640
55911
65729
11418
76067
82204
83225
99263
39468
6980
57097
10893
16964
74306
57104
68714
29697
44346
98378
27000
3038
8513
64723
58377
88099
80232
55737
18249
57955
42318
86641
96422
60039
42427
49161
26930
82791
92351
65186
50914
27453
71501
97889
252
51731
42570
18159
58155
38881
50663
72775
96650
40035
67956
79752
77360
82890
70298
78119
459
25502
84913
89464
43336
63419
93431
59251
88653
89055
15010
31460
67490
13501
10078
86538
86931
14798
22603
25931
45265
18166
73919
4858
66006
26867
12168
22503
24954
81446
38038
54328
23100
30762
18985
12949
58334
19715
32806
99975
2259
55856
90731
25187
89918
87673
72867
40067
53476
11853
68215
41038
67520
30608
24764
5983
66522
99085
79700
12332
3397
6223
51082
24460
90097
76915
68967
51863
66638
70219
70934
1858
68627
47070
46718
35380
75632
24211
37678
43866
18455
89835
52099
11761
86216
13802
92428
18560
55396
1148
36567
42519
78812
64093
80339
52821
77466
16913
47503
45700
56157
35092
9297
40616
17537
77171
75286
91684
26781
1758
48011
84248
77083
33249
531
69940
75045
99078
91207
54629
96936
81080
87793
1520
56297
73865
30721
4186
76784
75440
32268
18370
84434
18600
40999
60863
29353
10924
90355
28657
65300
41973
88221
20879
36526
83744
58392
17323
56227
93108
53897
32692
24779
10465
69616
64100
29292
1774
37687
3171
82260
13053
67771
33867
25052
34862
43268
5312
83337
97984
79091
39607
18719
71840
21173
14771
14031
79034
22833
52299
75081
628
78622
73100
21276
57553
28092
21876
98839
58961
74956
48067
85125
45606
86215
13918
13642
49394
9862
71166
85391
7471
3941
50670
81922
17006
58117
15869
23405
99561
72123
50623
87502
61472
37898
41273
79944
92326
77688
32913
2257
91287
71992
45295
55960
60228
29003
59647
74644
15578
70352
87258
58350
50702
62377
90783
35615
78479
49976
37408
75536
12383
63312
74529
23832
58277
92839
26510
92809
75144
31280
55917
99479
97374
45756
47930
37771
68840
58380
30831
20327
3336
86002
17772
84851
67801
64627
29084
55410
33120
78874
79266
78915
96699
37129
4723
56861
58204
64005
18279
67757
71853
90427
7676
84080
24386
16344
19703
93461
73069
57463
94977
54710
58776
44953
70949
46009
7614
91062
9877
40995
53723
50130
49020
25103
78028
57385
4915
71442
83260
85224
82080
85370
67612
96149
59073
44
67282
46455
77872
9886
54458
96072
11759
37114
87007
19502
56876
48687
4019
77000
97333
69850
43710
61080
48091
45798
49561
45920
72802
81643
6645
90278
62807
30303
40569
18225
43403
51363
71521
65124
60181
87861
70718
89192
85648
14694
57141
52319
58994
54731
87664
60209
38377
35170
87048
15382
53422
26634
69598
77379
22537
4277
60590
12425
71276
71666
13930
33811
16311
48836
99333
13330
41134
73895
99295
14881
62990
23261
46349
28142
8828
95625
6442
71013
72158
80965
54039
82844
31607
85812
25210
76321
87978
87111
19212
6776
87115
74531
76783
86082
59545
44429
65760
32024
93039
24686
19233
98966
30684
68119
86177
73289
55695
65418
17264
66311
91707
29807
66898
32015
67486
96473
15092
68044
63508
44212
61641
82138
59674
67153
8241
73316
87118
95906
97671
54884
2966
66006
63992
23383
71510
41987
6635
29823
51153
42967
180
52057
12931
98358
67147
38867
99248
35086
76853
82175
9818
52101
14376
19379
88812
89150
92327
36469
5692
54158
900
77827
76931
53205
92876
86941
62410
8210
84855
90046
48116
3204
44123
24990
72410
33162
13620
86919
45804
25444
18080
13950
7703
83929
82159
87862
43512
2247
78410
60740
2052
73432
14534
87184
3348
81198
67362
6004
23538
56851
62406
99531
43931
96617
33352
11998
8442
56221
62121
99808
73429
84534
40428
78947
8953
815
52925
95979
75612
40218
12288
28755
4995
1561
12712
53374
57714
35365
18849
4503
81917
13744
32328
26911
59767
98344
81586
48265
97801
21356
56105
71984
42814
1298
68080
30964
43209
23008
72754
54853
69803
95494
93970
57322
45819
86027
34674
91907
53439
79987
16626
2099
30859
51463
88611
58814
50917
35952
63042
34854
80081
37096
14098
13455
38375
4500
86364
45521
16043
61337
2531
27705
59428
38358
94565
87122
9681
97993
48030
53999
22736
51236
5308
25897
66733
49247
6239
70401
72708
20988
13518
58289
45148
684
81781
97813
44813
26962
38778
26871
79483
81013
49033
6715
79082
18088
54796
48377
46169
83756
7849
64700
80387
76090
68623
41778
37380
87606
85789
85185
211
56114
88668
82508
70537
64277
68236
86435
2040
45373
45991
33124
66970
1901
36571
60824
21656
28210
82214
74752
71183
88638
30578
61344
2166
20349
27913
45158
38232
47831
16857
61997
38198
9577
45080
9350
41869
61366
61896
13574
11774
16767
59793
55567
16217
25365
99353
39381
77950
29712
93662
75729
76026
55033
51957
12791
98164
18464
84184
70961
85681
95423
30311
15097
23334
70573
74929
22440
62514
7603
64344
68849
43163
25469
18266
46563
59508
50950
92368
85222
30530
42563
68175
28128
32795
59394
21815
43239
95267
38611
14546
45104
92662
24915
88345
21195
99234
85586
6134
78930
23090
23181
24631
57569
57314
60024
20095
75357
54645
32415
84738
4943
40827
47247
96818
71204
59262
63324
14388
74899
24811
79545
21828
81464
52512
8127
20864
8995
78604
58737
22494
98578
8049
73294
92736
6026
65297
40192
20347
66435
91694
22141
26233
10287
18233
35463
43275
32702
60554
94008
54528
66180
47619
23708
57274
91592
33391
75222
57728
30713
85586
80035
26527
59206
22111
68632
73085
60516
16003
1626
95564
35094
17350
53076
31379
47442
53880
85760
47848
67485
35383
40659
85563
69526
84234
26452
24445
97556
92917
60180
41790
47318
51316
67058
7617
79320
30196
21835
95901
49715
78843
66500
38240
85296
67744
21174
22806
97484
49605
29083
21481
70198
67290
50670
22917
32429
18109
34551
48611
720
33998
78207
80843
75630
66165
59846
32391
8526
52494
29595
27275
67904
16678
68229
58464
1938
8591
73838
72764
55495
46492
44265
65605
69096
7392
9978
59946
70527
53484
57579
15234
97447
24015
80142
23969
7172
75762
72109
65622
2257
22463
83704
57438
63835
86971
41251
69422
26317
1081
90707
25674
9444
72066
70633
49860
32314
66595
88027
88655
64741
92021
26968
89186
60818
90460
92276
63379
35824
89517
4352
14209
32127
85018
13068
6059
53624
40780
51624
75746
56543
58518
48680
49943
82145
26945
9627
68428
39398
20790
30645
65227
16260
45148
35232
75874
9425
53577
12486
88910
18734
6206
5050
99098
95772
73505
21594
44266
88392
2882
31977
36095
7121
39298
35086
85761
36690
29613
47054
81581
92242
48343
63869
84401
69297
60620
50250
84867
43514
6167
90893
37170
40081
69406
15155
10067
14873
70095
56286
76588
87192
29589
15835
97599
91823
55062
87834
63034
14465
86201
4935
79305
8041
84214
12459
95920
82499
76408
14278
92363
50813
92606
21007
32280
24532
50183
13698
57163
31103
31036
52826
10605
15226
60536
17258
87048
76500
79167
96273
4092
89164
593
31544
89219
6165
68912
8216
93639
46913
74951
44926
95269
72370
55081
75541
31143
3903
9628
88178
24733
33323
18735
66361
55131
79692
18011
63733
33070
82677
71608
86438
55770
7017
97654
25156
8014
4796
93365
96319
30162
11358
74520
35388
34768
64674
80268
4729
98204
47310
59721
12120
85344
7559
68656
41136
73256
378
37504
84051
85309
82715
59768
99837
37634
92084
64434
48203
63995
87736
8837
75144
85164
14288
70800
87141
39417
58269
90229
95235
57372
20764
19116
6668
12210
81347
76631
10079
30806
21455
50780
93650
63143
49287
81814
17608
60309
25342
59077
42791
65828
8748
17886
77378
59009
17168
63902
22954
65724
26592
17454
92973
49318
70384
46761
34363
82797
91190
95215
50034
31021
3888
96412
74847
55190
73123
55125
20792
77133
33318
81315
67606
58670
97282
25680
12761
54642
86412
27125
11879
14380
96446
59101
62231
5523
61745
73084
21100
90807
5541
76122
54395
84190
84605
72903
41208
24216
614
69549
48743
95282
56373
23690
72479
78389
17300
79071
14170
34777
83006
30901
87601
18275
27780
55688
936
9875
9762
71632
75939
33989
80631
92923
30636
42628
19762
5777
58394
60624
53736
34149
46055
67631
28842
84783
59516
55571
99291
2695
93182
10961
26345
34704
53643
18810
48880
70651
79660
40118
42869
76152
12659
6113
96566
41628
33778
57606
18283
51436
43717
83701
38007
29986
88011
31664
51889
76149
22715
86714
74101
7417
90663
40576
32940
16753
21277
14950
61396
84148
51563
11444
95883
99237
13890
43302
62832
12480
36368
57519
85454
30181
75446
89084
71284
78935
49699
93246
95850
92378
434
93717
57085
59987
94832
27329
21315
53333
59917
79269
14726
60953
28473
5884
6301
28227
61258
24428
23733
16263
79664
84220
30000
2740
82716
3606
283
67928
11040
62459
86229
17374
19646
69420
96714
66868
9043
53124
29266
95400
32292
13070
29118
18834
89525
75363
55029
31677
84595
47507
96630
2368
69441
57185
40475
72583
26976
26196
48537
102
22337
34602
90311
53014
48659
16540
32794
28632
2385
64901
70566
38591
40511
60728
85428
63609
97366
36018
75150
83254
26852
5228
3658
86868
37292
93788
17493
22053
81860
12056
5831
1952
71016
37296
67748
40979
4021
58310
35558
22554
30684
75395
78194
87998
12981
20496
81201
13778
79935
61448
60624
73773
93701
75417
58399
16796
84355
93532
38232
66082
10207
16047
2697
67152
66707
26348
69537
39122
65327
62153
21796
10281
90974
56064
4203
19878
51801
38345
34298
37791
34880
93116
75082
83222
82859
99079
48990
38512
69159
13837
33077
11718
55267
64508
53046
43474
68206
33722
43234
19431
59322
91889
88499
30623
92689
16824
22005
401
22651
61045
27545
2589
17600
13703
84563
28886
66879
52636
21896
49173
32000
24541
35418
93103
88990
62625
8539
69857
6423
7094
68390
70384
98901
14164
24369
66784
51476
66609
16446
84518
60782
96561
42154
60226
52385
12652
83173
25467
51191
17834
49780
17016
94873
37623
56032
37342
26637
34
30072
10888
81112
69885
13968
70906
98461
19953
28757
48473
54610
54550
75044
44466
74796
22701
68641
84008
24474
46820
72368
20752
51782
25273
86467
12460
11438
60853
25271
4156
46652
4879
46638
73453
6247
27589
95736
24006
73993
14674
45171
51338
50117
33575
91164
13553
63781
86928
49953
46123
2524
27662
34618
18483
19778
14132
56559
94064
60537
88149
64529
61849
79568
12466
80275
41918
24575
12107
47543
45784
61562
43322
2476
69861
14665
9379
26345
57635
82196
41552
62791
23945
36265
60567
33304
46189
63754
27515
90906
45959
92574
2462
37834
79784
74207
35781
69504
1773
52524
87618
39537
73625
8883
76319
73224
53808
44602
42326
99752
48102
8618
67739
79572
44281
17342
18872
54825
77882
34948
52618
62651
40216
89068
52254
21128
44212
79662
60253
4643
49312
94140
39244
17878
78364
65867
86841
69163
50562
23145
74369
20550
82582
29476
47960
46855
32182
50929
6133
26954
28475
5075
48701
1455
77834
15411
89801
1590
52915
53238
17318
45283
26283
7367
6977
73931
14791
91541
29826
12159
46362
86197
97941
2192
32937
23672
43797
59008
51721
31749
77799
10605
32893
20799
99126
6421
11967
78535
11034
76548
39187
6860
95970
85472
57321
67956
78774
54460
60192
25842
41794
84447
40379
25615
55766
62122
28294
95870
62414
77335
39095
97480
92254
76517
78191
13456
43520
19852
99111
10789
83343
75400
93721
38534
94990
81114
12552
82551
78137
37784
51356
28461
61386
84416
32242
50131
80881
96127
81616
93711
52828
29127
63509
81534
68271
74352
26375
1710
73302
17158
846
27954
38226
65830
11531
342
8906
19205
49805
2859
65881
15137
32421
48498
42927
70892
4004
33127
11652
6453
13087
44983
86516
75070
21813
18831
25354
42707
69749
29098
29654
35126
87493
38847
58555
76726
69151
86056
97745
40051
91648
8279
78315
36654
39912
75667
37719
40878
70004
86052
13645
76160
42291
61991
46526
87140
8951
18680
7372
62934
2772
784
78979
99747
36148
60596
66899
28866
47096
91614
96219
31223
35059
81514
99290
97708
63845
7968
16971
57371
99019
39982
48571
92468
73381
34843
72438
72177
62455
80089
69183
5436
36220
65298
76433
93997
53824
21218
80911
34767
5713
1258
26174
25499
47501
55274
16616
90424
74041
70804
35301
75348
37358
7140
90177
83470
15044
36276
82557
53619
32426
862
42506
77221
81031
83174
70450
62078
18428
77491
5066
60823
2131
74605
85338
66979
53499
82298
47723
24541
95658
83493
79818
41269
40677
949
27667
81673
43691
8374
61500
78998
22130
63485
28428
85174
21728
64255
35823
23995
50548
80839
52417
1082
86086
76345
55085
14279
48836
8294
55947
62896
35795
84761
17000
93987
92216
43391
67042
11589
12365
64421
98415
62980
99119
62782
61743
91019
37141
38700
81380
72490
67653
19117
12665
10415
41916
52098
29065
62894
15632
7001
56085
7842
1328
26444
66027
67786
58083
42910
7885
46383
45755
19037
469
87150
84006
10292
39078
91749
32237
45337
35565
54651
90701
90849
70221
25295
49068
70398
18659
67569
70957
15661
9638
40466
68820
48315
21488
90033
24252
59848
49600
13306
47080
51778
54121
88584
18267
39385
32098
20019
53230
96831
70464
27773
6842
25919
33212
61181
26093
85761
96885
6061
42696
42082
54868
63551
52074
5576
61954
39929
92267
69666
12240
45330
27869
45470
66641
6469
71206
55040
75929
73717
87632
36987
49996
37300
73069
41998
82455
19832
94986
78710
34796
58836
73008
68725
73810
82065
40785
48288
57774
31270
77696
70212
18054
99455
42687
54242
83307
32711
34008
93909
34408
90777
1753
60983
37738
81929
44826
59884
96151
19219
95470
61552
98064
67756
21809
25236
50460
28270
44726
10116
97919
11144
3080
37288
24636
93487
38636
55820
29595
92494
30213
62851
29038
42732
10709
50039
93947
31896
76789
72909
86360
2920
59475
2751
68319
92374
71240
60560
32137
68523
56760
3417
53244
70725
3600
74109
1524
86877
90710
84790
64841
64844
92551
78702
28588
11749
5687
26511
27405
57778
57541
5508
85297
28438
83730
2438
56172
53894
16722
45397
69790
33994
98777
7321
96802
6405
93993
92824
13412
33111
48861
77884
17232
66784
23860
37371
70680
80242
55083
41784
84340
24620
73230
15700
97550
73930
8236
93631
64252
13988
64059
18015
30728
27585
37771
14065
61056
57868
73815
5045
26684
84552
93445
14717
42711
63576
86674
86482
5696
43487
23866
3182
91948
19998
98451
95121
67610
73649
10695
75780
69189
41536
42830
78033
71176
42918
47877
55089
29029
83767
27691
48082
13566
12343
69999
54496
34603
49869
33034
49659
75205
84730
21917
94697
98540
11225
55657
68833
70714
94367
43605
35160
53946
39156
34763
42859
66617
5161
71835
87728
21007
51746
58681
69256
29453
39738
36438
56265
75304
9373
84407
51208
77464
93144
11627
76042
68207
26193
16359
61498
3528
56583
58207
3883
89914
47187
48012
72770
96612
66307
24575
70236
68015
2330
75072
84925
63078
49060
51406
79468
14069
71114
89655
93557
56636
54453
89790
803
60076
23203
20329
25193
54286
7883
537
67499
79804
64467
57534
45231
83369
44067
90439
25300
71250
89587
79207
91920
76279
19717
80205
75372
11211
52989
83047
36679
92566
26667
61356
96128
31394
17757
60800
35469
49755
32385
71875
6684
80858
75781
66376
17763
21768
61362
47038
79612
11006
30577
13615
64632
69882
20800
34284
21025
71915
83879
76069
96606
65890
67514
32120
99022
15799
95250
38545
15348
32488
44542
94848
73297
16773
78819
69833
35422
69137
12555
21987
86867
27657
58453
61204
12672
45768
47769
30176
23917
66211
31499
97164
15466
99155
543
77576
6079
10502
35543
60883
80186
53342
67396
82526
68889
53450
9248
1272
64509
15599
87247
30196
97639
78035
76566
52780
64748
24749
67797
62170
76425
24700
79478
75188
73326
48846
960
39635
46461
22258
31456
85362
87816
89195
73172
58650
17807
95218
61583
65862
81745
6610
51290
98289
19707
94790
89893
43622
16889
568
24328
44053
95995
70293
22921
59679
71356
79968
83374
18362
92050
27025
20208
57192
72684
1018
58062
35488
77830
44012
6452
36979
5409
52624
69759
26572
78584
73761
26883
76841
40975
68808
76934
75171
37019
62643
11749
2269
39901
80394
40040
4575
94797
60142
98550
5392
57468
93557
44025
65844
6455
24319
73991
73245
14871
2986
1953
51680
35955
483
43527
41090
93156
3597
81316
98817
84856
81481
25270
10088
23708
39864
39949
95266
89998
82793
97846
91896
38865
97371
92346
11625
6891
77489
6368
18664
2946
51923
84815
78678
69430
24593
32426
53685
34143
10131
58569
35976
28550
67200
64379
62562
13922
90960
9243
58078
78747
37486
65401
69084
2971
30209
35615
32613
30265
24342
42426
25769
15632
51282
60523
2525
37864
15178
57590
64776
92497
80263
32839
81647
33494
40578
46187
95500
39622
12402
55664
50314
39816
65340
32617
16945
28927
97630
96680
87098
80430
2933
22140
4594
5323
24142
86371
17911
25654
60580
55688
64460
57679
11210
70575
25720
90895
41922
18723
81814
63568
72763
26
6256
16359
73512
27068
68938
57866
55821
54527
57416
28788
31925
85471
1884
801
55084
1496
25622
58945
52951
20163
86635
15770
89756
79742
42821
36027
40999
90274
15704
28896
3470
28901
98933
24865
85940
91064
78350
64134
21515
90548
30922
63166
31936
47410
53605
4552
17830
80605
23077
3789
38356
62501
9230
20443
55620
93597
96437
99852
82840
31589
2007
4931
80844
92335
85666
90607
84179
70133
89448
67566
3307
94121
6533
72168
67449
69940
87013
77786
35133
46110
10342
70017
72400
84780
63104
14153
8498
43966
91043
97006
63492
2150
49123
80705
26886
95661
99940
21078
56716
12653
11576
64350
87063
57621
32171
22923
84076
74353
18418
63389
6374
20340
363
88225
71701
25767
6248
39394
62057
60384
31087
96697
63547
90862
8546
65812
21750
88398
3233
80351
51371
90997
6606
63932
91252
92608
67690
33029
9298
31982
99829
40020
13809
23775
73150
70372
75016
43400
32171
41455
33514
96286
71812
95158
11258
90924
4863
94766
4070
918
78181
86478
40499
50308
47577
5018
38797
57959
28417
19101
92952
55682
991
99860
88111
99592
18512
40653
68774
97713
8922
86990
72267
7982
96999
63385
87981
59416
9224
70510
88286
24702
58372
51221
62568
72742
87659
51099
21395
65103
26714
30098
46722
68666
20040
53590
40072
87094
3637
93662
39006
11702
82083
50882
52588
3375
72980
96692
11858
42715
96182
5833
13096
86119
15517
23193
94880
43694
19537
64188
66318
68678
87278
76121
80609
75357
17683
53022
96246
81459
68239
21902
30312
32376
92223
54840
30784
49548
28475
45282
3742
3667
81226
95757
6542
85881
30480
40170
10167
68471
73244
32933
11182
86105
91403
77516
26599
7006
36059
1270
91600
38558
47665
8104
41596
79015
86109
38861
91586
11401
41651
55468
18202
39965
94711
75285
90249
23246
64934
49355
89036
51729
74916
18016
97741
34134
15690
96965
73659
40408
67718
12048
72360
58461
72069
23493
64170
18597
65490
12997
34859
52915
40898
72401
50889
65610
17542
15479
72638
52388
61041
94321
4125
35793
54436
68592
20527
57
95263
63894
53822
52311
8164
93978
49927
69122
36125
99634
52106
61672
85076
13142
36785
96027
72999
47263
73912
46363
26749
12688
66269
89594
41258
33040
30569
9897
77596
45490
29453
82225
44811
6456
8631
59384
33267
20972
20365
51312
51304
68222
66217
34571
69639
31588
77140
26077
63783
4043
94468
76768
88647
13706
4193
3508
14868
14656
71838
14865
32595
83449
79207
22921
9432
87305
67573
58946
50549
15644
82233
12545
94342
85995
11406
37743
57890
69522
86500
68367
87546
67377
25181
81463
92148
8019
59590
20866
48495
85595
22255
63766
74548
24860
90693
74129
34436
73345
24495
77082
92751
59533
46605
27551
99282
19377
66105
13808
39517
50823
18413
69107
40970
95584
40157
42642
73242
4562
86878
72517
5937
79744
36390
43688
2606
38857
62229
36057
84587
39107
41425
52162
6758
36034
77399
9513
12138
23294
9753
45039
37682
45496
88356
35305
18944
97088
59758
97647
33244
76751
23281
81328
53697
64899
56024
13081
84009
28623
20862
57456
76152
44589
84160
21476
90120
98234
26092
949
93779
5220
94973
95489
40282
720
28000
64509
77881
44334
39153
45583
60282
92497
99553
29183
60619
39530
81391
39993
16548
51242
43082
25307
65591
12239
12959
63542
57701
88755
97280
48053
6701
55672
63314
4212
74673
64023
41449
99909
12193
3598
1336
58299
63816
56245
23254
9673
66894
44791
13342
35963
51589
7050
50462
26027
96683
60075
1474
27447
22377
13
45074
67551
99897
14949
30314
60974
61136
75315
63853
36678
89711
80061
68376
77674
21094
73916
38754
53991
45034
19677
54793
56318
479
80233
45507
43236
8440
93254
37304
38041
8410
34993
85235
38068
64813
74807
49718
56685
61885
34233
78797
78529
32742
98906
28232
16861
46213
65430
61656
48092
83901
7812
16750
38567
38070
91906
67129
91751
72968
29546
32771
96252
9605
37195
45049
60845
1149
94724
53978
26362
94430
59211
5072
89164
11066
82886
16197
99852
54023
77014
88013
55769
6078
18456
88553
99521
36450
43006
25586
93899
60392
82567
64676
92501
84464
7055
45104
44369
75451
40826
8930
47850
87460
60405
33532
50911
79616
92151
24399
25256
52256
91832
81455
74613
53352
19767
2470
55269
24531
1009
66450
32125
15346
74460
12536
22197
96555
59863
27232
17052
87324
61900
79596
69476
51014
7185
40839
27006
81631
58426
44060
30832
27198
7399
87832
94274
9729
68709
58791
11236
24872
13555
20703
59624
17521
76723
82854
15680
9761
77458
46106
49316
50120
98314
88269
76343
74236
31842
89526
1391
30204
66179
70460
8146
25202
16241
68291
58598
1156
70788
35185
88646
99086
77917
70535
29470
82193
1060
64787
5290
52575
69746
29857
3305
13027
99129
46975
16686
75855
12070
51503
93517
12640
32941
71086
50439
40135
15315
91570
40107
99934
14460
2603
5678
63717
79140
14456
2675
58874
59752
32763
24763
3085
48730
88424
47452
94256
9098
39484
14454
19031
57473
64217
94348
97521
78213
39705
10963
20915
55496
86549
4001
24474
58134
63165
66500
15069
78443
83484
94515
1220
11687
24077
97768
476
48037
79389
45443
17566
22274
87821
61671
90284
37945
44975
11234
21297
56526
7908
43962
5490
28120
66604
33552
44180
55310
34427
88332
34656
39105
33258
92374
18715
4692
27741
58286
80501
25182
1843
21061
42595
81169
92685
8388
56532
85057
83650
43086
87947
24386
64602
357
85644
75525
5828
98975
39312
53623
60602
24569
98285
47807
82013
54097
38929
17012
1380
58858
2860
10070
66874
69933
8799
46155
45681
19746
28577
12541
55304
47876
31737
93168
28980
36384
96437
23421
31141
77532
47966
77003
19332
50406
9351
28409
71658
38087
51895
56637
15950
52770
22059
35734
99233
85774
73476
82735
12235
76725
80882
58934
49190
46990
15265
42110
55211
16896
56887
99652
43786
81637
36698
58046
64169
6074
10095
16928
31194
36033
71068
29340
51159
56635
35250
67816
7898
65709
38576
22784
64594
79012
43837
31367
87445
14897
9410
45591
51374
6379
52722
52074
3112
75878
65086
87950
54810
97100
1437
54953
22886
54499
62887
95704
96264
12215
29923
20721
11675
98632
12907
18766
1471
37466
75868
18441
70956
76682
69715
92705
58491
97207
12587
33822
94407
86036
64549
38924
25623
83577
66707
41836
98558
14659
30959
90105
57765
79500
8620
5786
82524
84772
39192
83301
61379
66481
25897
11278
16820
71166
83245
50730
61371
33839
42554
7172
87823
17029
22496
72403
1298
64510
3458
72919
11479
26914
23964
26004
33913
49425
43595
76515
92561
39695
16414
41026
27258
94718
75683
92443
85896
53699
46578
83294
54955
39181
7927
91335
60361
543
87866
1241
29743
10655
15046
81721
27858
7993
56691
18242
40117
9921
30796
49195
10726
27347
61394
69076
3496
58529
20573
22886
46511
44619
37492
465
30247
46495
57545
41677
77392
55352
43814
83756
48926
8616
6586
26596
50484
99557
15284
38289
20627
99372
10885
15384
59226
26839
23942
51287
69135
62924
39430
93690
75647
52299
34232
64953
42755
2130
38217
22623
85172
53912
54109
17804
29699
3727
11283
84901
66192
7402
34165
49796
90235
74005
70172
77539
64171
20862
59659
15277
66044
46053
96807
36574
45568
8701
54022
16118
77196
71797
27803
33969
18243
32457
21500
40975
18187
97262
85958
33974
57056
49099
57927
64117
10627
6739
86579
62449
73322
20757
23255
77854
16807
67
11981
72906
82282
49251
1607
28314
98489
77121
99573
90494
33262
21872
87719
49855
96784
99840
68393
95462
34714
84279
66929
72297
23006
49630
45429
10413
56036
23801
3267
89790
35454
60723
88888
40459
55200
45169
50021
43045
72905
26462
6640
59238
33136
42421
61726
4870
22482
73677
84172
29915
72488
7352
76150
90166
82841
68537
18794
92209
53274
39624
37291
43616
36799
81463
33546
9349
48800
716
86255
49423
49158
69038
13550
74307
37843
99279
29769
51802
41613
10707
47474
84633
30912
91221
11813
23349
45142
93967
90430
39200
5530
54769
89490
30199
37223
20235
42409
51894
50
31025
64267
74909
44541
11606
30565
87235
15067
40367
3906
93429
78690
23426
3962
37999
92828
34303
47805
54889
75518
42036
83842
61301
43015
54451
24624
25363
19519
94593
8477
41720
32568
612
29742
11977
60943
88143
96855
84833
45434
37577
84536
8690
12042
4199
47235
49898
33084
82915
22377
33373
910
31633
83874
42694
34460
39242
20104
59350
12355
12235
47841
28825
67612
15872
44195
94689
38154
20725
44233
84437
15451
20682
4308
15084
67132
31183
28393
77918
722
78083
64759
86046
95548
29083
81900
29942
83631
8992
9191
95368
15806
95831
35450
9647
32581
76619
29650
4881
24335
2124
91306
96330
27163
89181
2194
95033
29280
95472
42723
85156
89128
18882
23314
86545
86110
3807
46158
17499
80035
85928
9674
88335
43051
7788
27869
62358
2235
28784
92043
87599
56673
38984
465
73312
26098
91597
84864
63155
99065
67837
74700
20144
46612
63553
61819
23370
20329
51377
20899
54629
82682
4753
97686
10746
61630
14793
7380
24687
35280
44322
47181
78411
61058
46844
94019
40482
60273
26819
52512
93853
58433
4092
68618
27045
6853
47207
75600
9139
16164
28843
26498
89180
86206
7134
77858
26277
7340
43965
72091
14876
3458
23542
11454
76138
59257
36107
31759
41922
78809
93259
98251
86883
84425
83293
31336
50744
87749
57632
16328
88339
3567
40458
28037
37528
44245
30350
89539
7863
99111
84964
82088
90198
2853
60918
95816
47431
31733
14997
12594
54865
54942
13608
21202
34881
2022
16248
99621
61517
25571
6507
51079
83169
32631
4018
75409
58709
87846
95997
97076
94999
45179
70128
24715
46884
93036
57634
83742
32047
29346
20442
1147
12817
27032
88802
7668
62185
21566
30647
30404
4992
18893
3861
42441
17189
51878
62871
79210
28773
90109
74372
90505
77462
66289
84289
63660
40084
38603
75467
6838
44505
18800
29250
93319
35049
32959
70426
18
56503
1374
97328
46164
33968
70666
18588
97486
13263
22732
34352
4008
96657
59319
92790
18113
89448
41959
43751
66959
38190
76943
96473
88208
36447
10988
53577
15650
53082
60549
39717
47355
84030
14549
86913
27424
35303
61915
31750
18411
69170
39191
268
31596
53175
41068
61934
91180
86503
71586
56665
58472
53605
41215
75131
8507
58628
48006
15186
5062
46208
31905
44153
98016
36571
55936
40475
76165
63730
25337
61819
96694
71951
93092
39030
79994
2137
98633
57703
50065
14157
56127
34419
5744
1785
51635
64579
34457
42020
48553
63320
19228
99164
791
69257
41939
32528
70494
54937
54355
65611
19078
53834
45302
26823
30355
44691
61627
69754
61992
64064
66871
58971
13167
65238
72035
7277
52131
73229
44296
45297
39693
39794
15585
79087
52843
2856
7035
3836
12805
62239
47448
85881
59977
76970
24422
71507
2330
41635
16700
29792
57009
24603
86462
84040
94683
68475
27779
89938
63114
16639
29573
67343
97360
50933
58399
18691
13370
76989
90209
4028
15647
4509
89905
1446
17728
54481
36497
33836
65192
97478
39246
37221
42363
76606
67781
9273
34781
44474
87195
58897
13785
72173
8642
98264
37044
57867
9065
74037
27671
78234
69247
14566
4273
5664
10626
96150
73128
2646
44290
28587
30625
26466
45960
25745
30303
76048
52774
78654
87035
9632
60759
35921
14031
20483
84330
56697
31240
26879
984
61795
4200
76632
37358
3522
89225
12427
96814
15326
71571
91350
10308
6371
64097
12711
74387
71994
38213
17610
92646
8258
54724
55964
94038
16405
5347
9351
23776
22254
96048
70195
59833
70443
76688
64803
93309
34025
51455
30631
27216
63415
17267
92142
93409
59109
41249
83835
73911
85607
91855
74764
33274
86345
20430
14311
54371
11119
42088
80068
86833
40761
82166
30760
76130
79675
95565
88066
13425
31074
54500
68113
74993
12598
95348
16221
33323
71439
97495
99124
70868
80966
37315
65737
50320
5848
39234
55707
94010
52372
80034
26359
78235
20386
42006
21604
21518
42241
689
20881
16757
80200
18810
29684
36994
42381
27514
26638
58246
13589
50612
41593
33024
99346
18198
10331
15930
15308
25416
41167
86020
49531
80009
86961
97034
20807
70009
36357
13090
80658
16674
22799
2467
37793
68502
75647
38999
21603
65439
50884
51475
60141
66809
52838
62305
89576
39968
44966
70335
77682
77862
18393
76204
16192
2069
75830
73311
49808
12477
99857
18503
62460
89642
69705
45228
99843
13711
97591
44911
99620
34849
57217
48976
83889
40610
46887
79502
25039
20622
89084
36820
29289
437
94745
8634
41182
14312
28347
31753
15281
86320
67103
95810
97862
61781
85015
29574
8844
30430
23268
86118
29572
85663
66602
77978
44770
25276
70562
63082
99795
58312
24905
70320
36269
28202
30438
26380
13442
85807
73018
33168
39245
46093
23191
94109
54132
55442
10018
84845
27259
2056
17372
75599
68021
49370
38305
24534
4337
44379
30323
69952
87935
63212
49619
31943
37800
1978
86076
53551
17249
83510
64815
63811
48774
43434
1762
98413
44974
67880
20866
34354
76661
26432
89009
70863
36407
13355
66754
67019
84312
82824
1783
1208
7782
9880
82670
20141
31103
78870
41300
55481
71533
89895
83608
37862
7267
33843
33948
16249
65797
61394
43765
49444
54075
20403
43929
38782
7587
43473
73381
87946
79430
1271
81845
45371
47006
91044
44191
42514
76213
27848
94681
63788
86842
62035
68542
47198
49084
19224
315
65776
31043
68731
25421
47215
91814
61146
17753
56594
63856
54994
91133
77849
95235
24119
92354
22203
73604
32155
99645
18119
85334
26673
21202
88542
46724
47976
80553
95864
51509
82886
44067
99380
38962
8225
17829
69069
52119
31709
2717
32612
24287
87723
93750
23831
22683
14104
4178
76044
55299
28283
48297
70169
18029
95620
83899
18539
31766
55842
67522
12500
51193
97600
65447
96972
30884
53770
33989
55944
15229
96543
96008
68410
49918
26111
45556
62709
93340
34903
3821
3759
52230
99063
85239
56876
25339
73601
55773
9450
27239
60426
38545
78256
67074
37521
51150
98368
8738
33384
37841
95509
63928
95904
73480
89170
32464
72195
60817
15279
48586
40985
76444
42445
90293
24021
28403
1699
56838
72993
19415
41538
9008
93692
43741
14366
43724
22150
50770
50716
5337
86055
94994
57174
20132
76931
10283
91082
630
45684
31238
61838
41171
22991
96961
48637
14855
63287
37563
36449
85232
42724
25630
15081
74335
11004
3744
58862
71974
92467
96801
1209
53260
75560
14939
59231
1564
18440
60518
49845
207
61266
83031
10793
19988
26571
66262
37331
30203
91078
15836
36993
30017
82093
23912
44161
64879
5761
59533
45224
6199
71459
9306
77505
32441
43298
53308
40996
24246
75926
91365
38373
72518
39805
14633
61505
51812
4307
15545
34668
29032
72439
39077
76725
44176
37805
29422
37157
54288
56348
50383
22130
50464
9576
27366
14786
77272
15079
5637
64178
68297
38038
54564
23743
80084
65261
71247
49443
37674
71781
56841
57630
76012
40500
11411
40694
41909
6524
79686
79413
87648
19237
5857
17542
75945
7630
85101
88976
45781
33138
10225
54524
85561
54253
30623
55614
61455
31261
16140
31171
62800
66479
99731
88394
67282
2148
99850
56148
68683
10842
62506
16929
28921
48004
14789
56097
63748
2542
64863
74474
13986
41868
92234
19295
85408
9017
20044
50084
42482
43532
41737
6103
91268
78122
71433
33914
41329
28310
10823
41536
50605
72401
90942
75179
21840
24190
66905
13548
97176
92206
71557
21599
53907
45710
95098
87661
88082
62584
48044
94276
17204
74647
91992
37387
45013
74638
69614
147
48592
39565
8969
